Iterando... iteración: 1
Cluster 	 Centroide 	 NumInstancias 	 Error
1	[0.0, 0.0, 0.0, 0.0, 0.0]	1	74.0
2	[124.0, 5.333333333333333, 11.666666666666666, 119.66666666666667, 0.8333333333333333]	22	113.78787878787877
3	[248.0, 10.666666666666666, 23.333333333333332, 239.33333333333334, 1.6666666666666665]	4	205.16666666666666

Error total: 14.553872053872052
 

Iterando... iteración: 2
Cluster 	 Centroide 	 NumInstancias 	 Error
1	[45.0, 7.0, 1.0, 74.0, 5.4]	7	57.142857142857146
2	[192.04545454545453, 19.59090909090909, 11.5, 32.77272727272727, 2.2454545454545456]	12	35.97727272727272
3	[332.5, 18.75, 27.5, 98.0, 2.375]	8	111.75

Error total: 7.587782587782588
 

Iterando... iteración: 3
Cluster 	 Centroide 	 NumInstancias 	 Error
1	[100.71428571428571, 15.428571428571429, 3.142857142857143, 88.0, 2.6714285714285717]	7	80.77551020408164
2	[187.08333333333334, 21.083333333333332, 10.166666666666666, 11.916666666666666, 2.1833333333333336]	12	28.680555555555554
3	[331.25, 19.0, 27.5, 53.5, 2.425]	8	52.75

Error total: 6.007632065171748
 

Iterando... iteración: 4
Cluster 	 Centroide 	 NumInstancias 	 Error
1	[110.0, 15.714285714285714, 4.0, 139.28571428571428, 2.828571428571429]	6	76.04761904761905
2	[174.58333333333334, 21.083333333333332, 8.75, 11.833333333333334, 2.0833333333333335]	13	31.525641025641026
3	[341.875, 18.75, 28.875, 8.75, 2.4374999999999996]	8	31.09375

Error total: 5.135815187898522
 

Iterando... iteración: 5
Cluster 	 Centroide 	 NumInstancias 	 Error
1	[113.33333333333333, 16.0, 4.333333333333333, 156.16666666666666, 3.1666666666666665]	6	78.94444444444444
2	[168.07692307692307, 20.53846153846154, 8.23076923076923, 13.846153846153847, 1.984615384615385]	13	32.171597633136095
3	[341.875, 18.75, 28.875, 8.75, 2.4374999999999996]	8	31.09375

Error total: 5.2670293362066865
 


Instancias totales en la realización del clustering: 27
Tiempo total en la ejecución de kmeans: 0.018  segundos
